.Random.seed <-
c(403L, 2L, 1601588151L, 1358561374L, 490659224L, 83511547L, 
-1179708263L, -117656280L, 570790870L, 1027835985L, -1022326013L, 
-188888430L, -1234773980L, 820111079L, -655860931L, -87096396L, 
-637644774L, -134728859L, -411562497L, -1717108602L, -234746864L, 
45510323L, -1380827823L, -1595140864L, 788889566L, -359433175L, 
-1826546725L, 1137156330L, -381849972L, -533532209L, 1975305605L, 
1235213884L, 474788626L, 105353229L, -2134043833L, 144632110L, 
681509000L, -411007605L, 1986108777L, -1660793032L, -840027674L, 
-185948799L, 2128771347L, -109463870L, -1789873804L, -824718985L, 
1537227373L, -1775536892L, -1258991574L, -459174507L, -628616657L, 
775741238L, -438853792L, -1676319325L, 881708737L, -1205639504L, 
-973749810L, 132986169L, -193353397L, -1904010502L, 566533116L, 
-482812865L, 1228129557L, -665637332L, 1905406722L, 560009181L, 
202148567L, 762086846L, -949207048L, 2130017243L, 1085535801L, 
2048843656L, -1840472266L, 1462263153L, -1566787677L, -622231822L, 
-939809212L, 458885383L, -1828630307L, 383808980L, 1234217210L, 
-1577693115L, 1075935391L, -1226956250L, 304641712L, 18651987L, 
736458353L, -1120257120L, -570021058L, -729042359L, 168191739L, 
-1364076854L, 1909991468L, -305827793L, -1380151067L, -1103169124L, 
1889436658L, 537394797L, -1562088537L, -1304177202L, -1382759640L, 
770722091L, 1520751433L, -1945896872L, 1938611462L, -284083999L, 
-916869005L, -1958310686L, -796369836L, -625204905L, -1045642931L, 
1110562020L, -406705974L, 296518965L, -1448678513L, 1752314006L, 
474853440L, -1246390013L, 1181938977L, -1141697008L, 540280302L, 
557840793L, 1177466411L, -1327120614L, -516102692L, -1502573601L, 
164871093L, 819094860L, 645862306L, 1699371773L, -1562090505L, 
277978398L, 481583064L, -2021887685L, -1047566631L, 1071290984L, 
1861610390L, -1355575535L, 1977252035L, -507574062L, -1242354332L, 
-770084697L, 2087446013L, -90589196L, -1452130086L, -1670770139L, 
-1711632577L, 1068252358L, 493515088L, -390094477L, -1188066415L, 
-794264128L, 825767838L, -480835223L, 22006171L, 1580424362L, 
-1325577524L, 542413711L, -1333450811L, -420009092L, -1661668398L, 
-1724456115L, 795075079L, 1543545326L, -2111554360L, -2082827317L, 
376419881L, -474956680L, 1975351718L, 670686145L, -1747724205L, 
1242763010L, -1944741324L, 204173239L, -1096093779L, -953103164L, 
-1834024726L, 785258325L, 763529455L, -268386570L, 1087523360L, 
-118497309L, -1520167807L, 1358750448L, 1694706062L, -1480816903L, 
-865151861L, 2011135162L, -132687940L, -1267366657L, -1366734763L, 
-1637303444L, -1053453374L, -800074723L, 699892887L, 1422053886L, 
481636792L, 627277211L, -1200290823L, -1671599288L, 440591990L, 
1656659889L, 596984291L, -567818574L, 214612740L, -1643640761L, 
358031133L, -1521220204L, -926889670L, -1250650747L, -2104394145L, 
1146079462L, 367905648L, -2005390189L, 1590802737L, 148479968L, 
254616702L, 181036809L, 105564475L, -807572214L, 441763052L, 
1977143663L, 1227527845L, 1389578332L, -1303166926L, 1456805677L, 
-375491097L, 1828841742L, -1581674776L, 2047144722L, -1055814240L, 
940243660L, -974898592L, -839606334L, 1061761832L, 1378376108L, 
-1775866564L, -947209358L, 434830640L, -407337180L, -1861466824L, 
-1668290854L, 1784250256L, -932168964L, 1538247572L, -77749182L, 
1563112704L, -1858086852L, -1412694704L, -1906183006L, 1110027080L, 
1955372812L, 1564376796L, -439922862L, -410339712L, -1446094764L, 
1784259560L, 164043514L, -912456368L, 483356460L, -1488215180L, 
-650218606L, -718142880L, 1128937356L, 1510242144L, 1401140194L, 
84781992L, -879215412L, 1438628348L, 1871415218L, 1912673776L, 
-572508732L, 655903064L, 1179573626L, 1308753328L, -381324356L, 
1725440084L, -1884991550L, -1775087584L, -422555460L, 666258000L, 
759035874L, 520904296L, -899543476L, -545701636L, -1310783502L, 
2073683200L, 1712804724L, 880676872L, 1730777530L, 390737360L, 
888861676L, -1611322476L, 1284090834L, -1171683488L, -1624301236L, 
-1828753120L, 1349820290L, -1696643352L, -1262995220L, -932538820L, 
-270445710L, 1423840880L, -209640412L, -2092171464L, -474548070L, 
-1324572976L, 418618556L, 312511124L, 1663914626L, 925409472L, 
1283249468L, -508217200L, 1291073058L, 223687176L, -1141621492L, 
162353820L, 154617362L, 441796992L, 1174018580L, 451595816L, 
-765660870L, 179567568L, 2784876L, -1772006604L, -1831365998L, 
489694560L, -1896014516L, -1366371360L, 1081339810L, 2086010792L, 
349783948L, 83249852L, -264744078L, 480569584L, -1558182844L, 
31704408L, -442318790L, -839363728L, -669928388L, -1329128684L, 
-160897598L, -864887584L, 1969094524L, 1777096400L, 581970594L, 
370279464L, 1064349964L, -1004463172L, 356457778L, 2080524224L, 
-562653644L, 1427219400L, 633978042L, -1013399664L, 1189839340L, 
-1997015980L, -454063470L, -766498016L, 545335756L, 2107003872L, 
-833433918L, -118368728L, 498142892L, 87211708L, 779846130L, 
1799008560L, -279631708L, 1106025144L, 961943386L, 688246160L, 
-1151394436L, 2094647572L, -226130622L, -194759936L, 273458108L, 
1645212496L, -390161118L, 262768968L, 1661180940L, 927954012L, 
530285778L, -1039371264L, -398080172L, -1043449368L, -476683270L, 
2061255376L, -1782084308L, 2056504564L, 175838098L, -1344596896L, 
-2051679988L, 76665568L, 2009668962L, 785184424L, 970194508L, 
-1482501252L, -1759903950L, -1638282640L, -3534524L, -1163622440L, 
-113666950L, 1409509936L, -1791789380L, -144341164L, 1101633090L, 
1154176928L, 1784046780L, 288641488L, -1222381214L, -103362584L, 
1317131212L, 1181611772L, -630467598L, -2076775296L, -573626124L, 
1633788040L, -1785638598L, 577112912L, -175615892L, 735374484L, 
1607505234L, -1811981600L, 1021189324L, -1459780448L, -1618262654L, 
1945662696L, 1346135276L, -314816452L, 1492331634L, 1963486320L, 
856314404L, 91354680L, 1359839770L, 1338813648L, -1114886596L, 
1361733780L, -1890634622L, -1293200448L, 1123658044L, 2011958928L, 
1868756002L, -448757752L, 1659602060L, -856687588L, 677712018L, 
315767936L, 407014420L, -95066328L, 1499336762L, -1793124144L, 
-250863508L, -1535158604L, -1063502830L, -897387552L, -1240153140L, 
-1395008999L, -1583221749L, -64465156L, -1631260886L, 764780895L, 
1531705577L, -847896578L, -493849620L, 1253390141L, 590719751L, 
1826611952L, -681121138L, 999793851L, 1761472669L, 1500494922L, 
1164748392L, 524667473L, 2108979523L, 176492612L, -1703320846L, 
716065479L, 550070417L, -1237060074L, 602117236L, 998805253L, 
-2097267377L, 100310856L, 18740966L, -472352749L, -127164555L, 
-407531694L, -753932384L, 382411401L, -1162131781L, -1811626740L, 
1476724890L, -1541001713L, 1546054233L, 1233028846L, 1788122492L, 
-2049567251L, 1651290775L, 1683934560L, 1530501438L, -1337368053L, 
210245261L, 82688954L, 1705341432L, 1820450209L, -1545227437L, 
137894516L, 38059010L, -2074726761L, 716150881L, 1482142886L, 
-52288348L, 587752789L, 167628287L, -1504238440L, 1290187190L, 
-1978725821L, 1528442757L, -2089325534L, -320258288L, -1165346119L, 
-1535299733L, 2021232220L, -902564982L, -932353153L, -441149751L, 
1052303198L, -907639796L, 1521411037L, 76515047L, 750184208L, 
-1361725906L, 1613950171L, -90783299L, -1055334614L, 1871611848L, 
-1680884495L, 419541603L, -1978837404L, -1366909550L, -1522353561L, 
592564785L, 1535115126L, 605545620L, -1611277659L, 1339692975L, 
-1254661016L, 392333382L, 58047987L, 1940486485L, -868054222L, 
-784208128L, 287734761L, 32409179L, 406329516L, -1583149382L, 
-2144695185L, 2097515001L, -737137522L, 1353876828L, 1622685133L, 
930347319L, 1657791424L, 1240456350L, 342868331L, -1407600403L, 
1197777242L, -1996047848L, 1495779201L, -533985997L, -561878188L, 
1640824162L, -315941385L, 260183617L, -1110502714L, -1803107324L, 
-256519243L, 792751263L, 888252664L, 1999560918L, -1695659677L, 
-1124424411L, -2005097790L, -1849045072L, 1713615833L, -761062069L, 
-344417348L, 1464321002L, 695247903L, -141237591L, -393271746L, 
1089723180L, -1528457859L, 292592583L, 1792305840L, 1333516494L, 
-5729797L, 1718174301L, 257834378L, 570279336L, 481463057L, -1927214589L, 
-804070140L, 594147634L, 640247687L, 75027921L, -1896298666L, 
