.Random.seed <-
c(403L, 1L, 1474547180L, 1221050991L, 1204424101L, 2135215452L, 
262992178L, -1448374227L, -1556353305L, -1189034994L, 2006609384L, 
248297451L, 1782835337L, 1884220440L, 295963462L, -163374687L, 
-1984436173L, 99001762L, 1721344148L, 599492375L, -1158401779L, 
-184510428L, 2077865994L, -940200587L, -458122033L, -148942890L, 
-152449152L, 2074911683L, 1606206817L, 98597840L, 840121134L, 
-1939282215L, 29766891L, 1250686298L, -1064933604L, -1475771873L, 
1725194869L, -65818868L, 439386850L, -907864131L, -1813008329L, 
880179934L, 79824408L, 1013344635L, -1735728871L, -612741720L, 
487469398L, -1588096559L, 1855934851L, 539963410L, 561996708L, 
326751079L, -358422339L, -1005842380L, -1664621670L, 592179173L, 
-1512031361L, -422532346L, -512424816L, -848374477L, -614534447L, 
404420736L, -1272405666L, -1830250839L, -2001747621L, 447548266L, 
-1685790196L, 1901716047L, -1405153531L, 1303398332L, -926424430L, 
-1509488243L, 1785180615L, 1980273326L, -1043383544L, -261920501L, 
-1278363671L, 179753144L, -505784474L, -997149695L, 1405141651L, 
1882367298L, 1292888820L, -1744972041L, 1966388973L, -2146778748L, 
1065275306L, -1481206507L, 1283760047L, 578301878L, 248567264L, 
246525219L, 1676444225L, -983044816L, 1631741774L, 486469049L, 
738250699L, 1179321466L, 2094404988L, -60953153L, 2025015957L, 
-1129957204L, -969948542L, 728779357L, -1803944617L, 1815003198L, 
1666012280L, 587546459L, 949193401L, -1126299896L, 882441654L, 
-2102009103L, 1431332131L, -30392462L, 1267600836L, -828320377L, 
-2142300323L, -1137837740L, -1179387014L, 891452101L, 970959903L, 
2103409574L, 1795390768L, 995278803L, -1135628815L, 462510880L, 
-1613294146L, -446222903L, -860081797L, -819824822L, 568240044L, 
1337781935L, -972100507L, 226958364L, -22809998L, -568654611L, 
-1042899673L, 1490045262L, -803640920L, -2038288981L, 640984777L, 
-1146306856L, 701014918L, -1363691935L, 1010642931L, -853786014L, 
745534676L, -1192176169L, 1584881613L, -2118214812L, -1192575158L, 
613181109L, 559250959L, 1024995094L, -43419200L, -1197618813L, 
342486945L, -2092875888L, 1976607854L, 1112117785L, 1927436971L, 
-211476838L, 1204206172L, 563644255L, 321771829L, 1849260236L, 
692863522L, -348955523L, 1348928887L, 1821584030L, -164648616L, 
-1449340741L, -1397944743L, 898063848L, 820078614L, 1256756113L, 
578559043L, 1705775954L, 727136228L, -455440857L, 918044285L, 
1164853108L, 535958362L, -1469856347L, 1513972159L, 19630662L, 
643483856L, -779197709L, 1190130705L, -821599680L, -1763707362L, 
1343791337L, -126803429L, -1994194390L, 151127372L, -1243166961L, 
-646813115L, 1534516220L, -108715438L, -765624371L, -1200162425L, 
1287384174L, -988474296L, 1922739787L, 244745129L, -1673688328L, 
-2122179034L, -1512040639L, -793289517L, -247250814L, 1696202420L, 
-126977481L, -1483685587L, 697897540L, -2133520534L, -1596965931L, 
-235520657L, -661411722L, -1017150560L, -1635208093L, -1955323647L, 
-249336720L, 1856112654L, 1448392825L, 2054338571L, -298034886L, 
821086268L, -1143398529L, -1945774891L, 809250836L, -1644919512L, 
1224379962L, -2106915632L, 1639191660L, 575689396L, -1623361518L, 
1573791712L, 1631702988L, -2138788384L, 2013920802L, -698119896L, 
1119678732L, 1699448380L, -1166454542L, -1472025872L, 1426371396L, 
-1742120360L, -1069637062L, 1558218480L, 317508796L, 898412052L, 
-1487044414L, 1402724448L, -253833860L, -359383856L, 795667490L, 
-823870808L, 897007500L, 378911164L, 420594738L, -545478848L, 
-1967884108L, 610784072L, 411790010L, 725651216L, 742447340L, 
1987277908L, -1380002030L, -571493472L, 93265868L, -342906016L, 
-928284478L, 2096924200L, 1387402668L, 886796092L, 579010418L, 
-574631120L, 1061405220L, -432951240L, -461009702L, 1729036688L, 
-1355221252L, -1769795692L, -1893219518L, 505543168L, -434216388L, 
528848464L, -671501662L, -1581958328L, -298943988L, 1074982108L, 
-120671662L, -531879808L, -364971180L, -1225354776L, -1199428870L, 
-1998809264L, -38747092L, 990909812L, 2133261970L, -894895520L, 
-756002164L, 1657596768L, -1226378526L, -2004043608L, -732696372L, 
1508958716L, 1392803762L, -1317194256L, 1661464004L, 84825944L, 
1043168122L, 1504918960L, 1689305532L, 913326164L, 579498946L, 
-1424932064L, 1007056828L, -373050800L, 289041890L, 1401123176L, 
1269329228L, -870825732L, 80331506L, -190329088L, 120979060L, 
372228104L, 1747292602L, 682848208L, -1418294804L, -1766127724L, 
-1248087342L, -1695670688L, 2094253388L, -897555168L, 966806146L, 
850942440L, 1622507500L, 567584316L, 153060978L, 988654448L, 
283461924L, 2079187512L, -2103256678L, 529594832L, -1803704900L, 
-335726444L, 1209226370L, -1506294336L, 2103954236L, -475370352L, 
-1704682718L, -1146128888L, -345078516L, 164394396L, -1557754350L, 
740711296L, 1573204756L, -1947258584L, -1875459014L, -638874672L, 
-924763540L, 416444980L, -1969816942L, -1370176160L, -1085277876L, 
18548704L, 1546810786L, 20624808L, 949687948L, 1660714428L, 326504050L, 
88773616L, 951955012L, 342077528L, 1922578490L, 323149936L, -1245267908L, 
-308535020L, 22766274L, -1686051104L, -1956063108L, 1473541840L, 
454687138L, 2041268264L, 1039256332L, -1081013828L, 176214834L, 
454056640L, 1007397940L, -1688858936L, 2093012154L, -819800432L, 
1460920044L, 1483663956L, 771789458L, -1509172960L, -142818868L, 
1144660704L, -404918078L, -1299076056L, 1481201580L, -900638020L, 
1916693490L, -1604684240L, 369000356L, 866659768L, 1355982682L, 
-634646384L, 1826691964L, 346423572L, 853752130L, -978575104L, 
767798716L, 1911447888L, 1000241442L, 1396931144L, -1659744244L, 
-2109802916L, -2065872430L, 1400845824L, 862352724L, 1624804584L, 
-680271622L, -730290480L, -1335956692L, 1558999284L, -703260270L, 
-1916543648L, -1886122996L, -464651040L, 967459426L, 1450984616L, 
-363512756L, 1451710332L, -1955153614L, 278491760L, 1447424836L, 
2050659288L, -717511814L, -1727887312L, -1367707716L, 1391059540L, 
-1279291326L, 1047326368L, -2075688260L, 551766992L, -275792542L, 
1761320680L, 1388854476L, -1256189444L, 1182195186L, 1503175808L, 
498952692L, 2029525640L, -1966847174L, -147868248L, -1357395194L, 
-925249997L, -1775614827L, -1334551310L, 396086592L, 219656873L, 
2029632283L, -986379028L, -2113343238L, -381972177L, -499718855L, 
-1321130162L, 639446428L, 500133645L, -1832949385L, -1348047488L, 
-1123791906L, 2042021035L, 1958518701L, -746359782L, 2078661336L, 
611963713L, 859939827L, 236973588L, -2043205726L, -736651081L, 
-1257061759L, -320945530L, 1767969476L, -1895623691L, -1996101025L, 
647011512L, 1304820118L, -60537949L, 1145780069L, -2005021054L, 
309169136L, 197422489L, -1094540405L, -644575620L, -2114173782L, 
7173855L, 2121632873L, -868669826L, 31346284L, -1567165763L, 
-1827508345L, -1238951056L, -1215714802L, 511346491L, 976133149L, 
1346901194L, -335884312L, 2146311377L, 1878554819L, 109203396L, 
446811250L, 505472327L, -1447323375L, 1667845270L, 332882420L, 
1262687109L, -1086801201L, 1562404808L, -2102210970L, 312615059L, 
-1961631755L, 954923474L, 393683488L, -1511728119L, -1371414213L, 
1267819660L, 1442132250L, 738748303L, -1134266151L, 1036228462L, 
1562611452L, -1023529875L, -1837467625L, -2084945440L, 1081224638L, 
-688401525L, 823460877L, -1971346374L, 1346675832L, -677498847L, 
-707519789L, -964453900L, -1386593662L, -111124713L, 1650169313L, 
-1066259674L, -1942747612L, -1272659755L, -581394305L, -678824680L, 
2027564086L, -1257868605L, 1965334277L, 684036770L, -852803440L, 
1102778425L, -556162837L, -704589348L, -1744144374L, -1718188289L, 
1924716361L, -1343443746L, 1157182092L, -1163250083L, 700177511L, 
-561155696L, 1548472750L, 1071744091L, 1197806653L, 713333418L, 
-1149507768L, -467629199L, -228717341L, -1520393244L, -1677348078L, 
249413351L, -347191119L, 18983670L, 1532538132L, 848720421L, 
1212399407L, -1305902872L, -1072832058L, 1393889395L, -728089899L, 
1793362098L, 743726208L, 1561903209L, -290439973L, 2005020716L, 
1024176186L, -274100497L, 526827897L, -681931250L, 1552150492L, 
-1836472243L, 632138679L, -1358973632L, 1627583518L, -1741573397L, 
